4.833476e+04   -4.130943e+07
7.250214e+04   -3.064951e+07
9.666952e+04   -2.403364e+07
1.208369e+05   -1.988940e+07
1.450043e+05   -1.740582e+07
1.691717e+05   -1.572265e+07
1.933390e+05   -1.453763e+07
2.175064e+05   -1.366360e+07
2.416738e+05   -1.305986e+07
2.658412e+05   -1.257552e+07
2.900086e+05   -1.216424e+07
3.141759e+05   -1.187940e+07
3.383433e+05   -1.160440e+07
3.625107e+05   -1.141151e+07
3.866781e+05   -1.121862e+07
4.108455e+05   -1.107428e+07
4.350128e+05   -1.093556e+07
4.591802e+05   -1.081198e+07
4.833476e+05   -1.071546e+07
5.075150e+05   -1.061893e+07
5.316824e+05   -1.053601e+07
5.558497e+05   -1.047175e+07
5.800171e+05   -1.040749e+07
6.041845e+05   -1.034353e+07
6.283519e+05   -1.029934e+07
6.525193e+05   -1.025514e+07
6.766866e+05   -1.021094e+07
7.008540e+05   -1.016944e+07
7.250214e+05   -1.015929e+07
7.491888e+05   -1.014915e+07
7.733562e+05   -1.013900e+07
7.975235e+05   -1.012886e+07
8.216909e+05   -1.015963e+07
8.458583e+05   -1.022765e+07
8.700257e+05   -1.029567e+07
8.941930e+05   -1.036369e+07
9.183604e+05   -1.043171e+07
9.425278e+05   -1.053912e+07
9.666952e+05   -1.076545e+07
9.908626e+05   -1.099179e+07
1.015030e+06   -1.121812e+07
1.039197e+06   -1.144445e+07
1.063365e+06   -1.167079e+07
1.087532e+06   -1.193281e+07
1.111699e+06   -1.242372e+07
1.135867e+06   -1.291462e+07
1.160034e+06   -1.340553e+07
1.184202e+06   -1.389643e+07
1.208369e+06   -1.438734e+07
1.232536e+06   -1.487824e+07
1.256704e+06   -1.539508e+07
1.280871e+06   -1.624625e+07
1.305039e+06   -1.709743e+07
1.329206e+06   -1.794861e+07
1.353373e+06   -1.879978e+07
1.377541e+06   -1.965096e+07
1.401708e+06   -2.050214e+07
1.425875e+06   -2.135331e+07
1.450043e+06   -2.220449e+07
1.474210e+06   -2.334594e+07
1.498378e+06   -2.452320e+07
1.522545e+06   -2.570046e+07
1.546712e+06   -2.687772e+07
1.570880e+06   -2.805498e+07
1.595047e+06   -2.923224e+07
1.619214e+06   -3.040950e+07
1.643382e+06   -3.158676e+07
1.667549e+06   -3.276402e+07
1.691717e+06   -3.395231e+07
1.715884e+06   -3.515584e+07
1.740051e+06   -3.635937e+07
1.764219e+06   -3.756290e+07
1.788386e+06   -3.876643e+07
1.812553e+06   -3.996996e+07
1.836721e+06   -4.117348e+07
1.860888e+06   -4.237701e+07
1.885056e+06   -4.358054e+07
1.909223e+06   -4.478407e+07
1.933390e+06   -4.598760e+07
1.957558e+06   -4.688910e+07
1.981725e+06   -4.742239e+07
2.005893e+06   -4.795567e+07
2.030060e+06   -4.848896e+07
2.054227e+06   -4.902224e+07
2.078395e+06   -4.955553e+07
2.102562e+06   -5.008882e+07
2.126729e+06   -5.062210e+07
2.150897e+06   -5.115539e+07
2.175064e+06   -5.168867e+07
2.199232e+06   -5.222196e+07
2.223399e+06   -5.275525e+07
2.247566e+06   -5.328853e+07
2.271734e+06   -5.236442e+07
2.295901e+06   -5.096313e+07
2.320068e+06   -4.956184e+07
2.344236e+06   -4.816055e+07
2.368403e+06   -4.675926e+07
2.392571e+06   -4.535797e+07
2.416738e+06   -4.395668e+07
2.440905e+06   -4.255538e+07
2.465073e+06   -4.115409e+07
2.489240e+06   -3.975280e+07
2.513407e+06   -3.835151e+07
2.537575e+06   -3.695022e+07
2.561742e+06   -3.554893e+07
2.585910e+06   -3.414764e+07
2.610077e+06   -3.233785e+07
2.634244e+06   -2.715418e+07
2.658412e+06   -2.197050e+07
2.682579e+06   -1.678683e+07
2.706747e+06   -1.160316e+07
2.730914e+06   -6.419488e+06
2.755081e+06   -1.235816e+06
2.779249e+06    3.947857e+06
2.803416e+06    9.131529e+06
2.827583e+06    1.431520e+07
2.851751e+06    1.949887e+07
2.875918e+06    2.468255e+07
2.900086e+06    2.986622e+07
2.924253e+06    3.504989e+07
2.948420e+06    4.023356e+07
2.972588e+06    4.541724e+07
2.996755e+06    5.060091e+07
3.020922e+06    5.594756e+07
3.045090e+06    6.762455e+07
3.069257e+06    7.930154e+07
3.093425e+06    9.097853e+07
3.117592e+06    1.026555e+08
3.141759e+06    1.143325e+08
3.165927e+06    1.260095e+08
3.190094e+06    1.376865e+08
3.214262e+06    1.493635e+08
3.238429e+06    1.610405e+08
3.262596e+06    1.727174e+08
3.286764e+06    1.843944e+08
3.310931e+06    1.960714e+08
3.335098e+06    2.077484e+08
3.359266e+06    2.194254e+08
3.383433e+06    2.311024e+08
3.407601e+06    2.427794e+08
3.431768e+06    2.544564e+08
3.455935e+06    2.661334e+08
3.480103e+06    2.778103e+08
3.504270e+06    2.929492e+08
3.528437e+06    3.146664e+08
3.552605e+06    3.363836e+08
3.576772e+06    3.581009e+08
3.600940e+06    3.798181e+08
3.625107e+06    4.015353e+08
3.649274e+06    4.232525e+08
3.673442e+06    4.449697e+08
3.697609e+06    4.666869e+08
3.721776e+06    4.884042e+08
3.745944e+06    5.101214e+08
3.770111e+06    5.318386e+08
3.794279e+06    5.535558e+08
3.818446e+06    5.752730e+08
3.842613e+06    5.969903e+08
3.866781e+06    6.187075e+08
3.890948e+06    6.404247e+08
3.915116e+06    6.621419e+08
3.939283e+06    6.838591e+08
3.963450e+06    7.055763e+08
3.987618e+06    7.272936e+08
4.011785e+06    7.490108e+08
4.035952e+06    7.707280e+08
4.060120e+06    8.007115e+08
4.084287e+06    8.369923e+08
4.108455e+06    8.732731e+08
4.132622e+06    9.095539e+08
4.156789e+06    9.458347e+08
4.180957e+06    9.821154e+08
4.205124e+06    1.018396e+09
4.229291e+06    1.054677e+09
4.253459e+06    1.090958e+09
4.277626e+06    1.127239e+09
4.301794e+06    1.163519e+09
4.325961e+06    1.199800e+09
4.350128e+06    1.236081e+09
4.374296e+06    1.272362e+09
4.398463e+06    1.308643e+09
4.422630e+06    1.344923e+09
4.446798e+06    1.381204e+09
4.470965e+06    1.417485e+09
4.495133e+06    1.453766e+09
4.519300e+06    1.490046e+09
4.543467e+06    1.526327e+09
4.567635e+06    1.562608e+09
4.591802e+06    1.598889e+09
4.615970e+06    1.635170e+09
4.640137e+06    1.671450e+09
4.664304e+06    1.707731e+09
4.688472e+06    1.747872e+09
4.712639e+06    1.804050e+09
4.736806e+06    1.860227e+09
4.760974e+06    1.916405e+09
4.785141e+06    1.972583e+09
4.809309e+06    2.028761e+09
4.833476e+06    2.084938e+09
4.857643e+06    2.141116e+09
4.881811e+06    2.197294e+09
4.905978e+06    2.253472e+09
4.930145e+06    2.309649e+09
4.954313e+06    2.365827e+09
4.978480e+06    2.422005e+09
5.002648e+06    2.478182e+09
5.026815e+06    2.534360e+09
5.050982e+06    2.590538e+09
5.075150e+06    2.646716e+09
5.099317e+06    2.702893e+09
5.123484e+06    2.759071e+09
5.147652e+06    2.815249e+09
5.171819e+06    2.871426e+09
5.195987e+06    2.927604e+09
5.220154e+06    2.983782e+09
5.244321e+06    3.039960e+09
5.268489e+06    3.096137e+09
5.292656e+06    3.152315e+09
5.316824e+06    3.208493e+09
5.340991e+06    3.264671e+09
5.365158e+06    3.320848e+09
5.389326e+06    3.377026e+09
5.413493e+06    3.433204e+09
5.437660e+06    3.505816e+09
5.461828e+06    3.588305e+09
5.485995e+06    3.670794e+09
5.510163e+06    3.753283e+09
5.534330e+06    3.835773e+09
5.558497e+06    3.918262e+09
5.582665e+06    4.000751e+09
5.606832e+06    4.083241e+09
5.630999e+06    4.165730e+09
5.655167e+06    4.248219e+09
5.679334e+06    4.330708e+09
5.703502e+06    4.413198e+09
5.727669e+06    4.495687e+09
5.751836e+06    4.578176e+09
5.776004e+06    4.660666e+09
5.800171e+06    4.743155e+09
5.824339e+06    4.825644e+09
5.848506e+06    4.908133e+09
5.872673e+06    4.990623e+09
5.896841e+06    5.073112e+09
5.921008e+06    5.155601e+09
5.945175e+06    5.238091e+09
5.969343e+06    5.320580e+09
5.993510e+06    5.403069e+09
6.017678e+06    5.485558e+09
6.041845e+06    5.568048e+09
6.066012e+06    5.650537e+09
6.090180e+06    5.733026e+09
6.114347e+06    5.815516e+09
6.138514e+06    5.898005e+09
6.162682e+06    5.980494e+09
6.186849e+06    6.062983e+09
6.211017e+06    6.145473e+09
6.235184e+06    6.227962e+09
6.259351e+06    6.310451e+09
6.283519e+06    6.401441e+09
6.307686e+06    6.516626e+09
6.331853e+06    6.631811e+09
6.356021e+06    6.746996e+09
6.380188e+06    6.862181e+09
6.404356e+06    6.977366e+09
6.428523e+06    7.092550e+09
6.452690e+06    7.207735e+09
6.476858e+06    7.322920e+09
6.501025e+06    7.438105e+09
6.525193e+06    7.553290e+09
6.549360e+06    7.668475e+09
6.573527e+06    7.783659e+09
6.597695e+06    7.898844e+09
6.621862e+06    8.014029e+09
6.646029e+06    8.129214e+09
6.670197e+06    8.244399e+09
6.694364e+06    8.359584e+09
6.718532e+06    8.474768e+09
6.742699e+06    8.589953e+09
6.766866e+06    8.705138e+09
6.791034e+06    8.820323e+09
6.815201e+06    8.935508e+09
6.839368e+06    9.050692e+09
6.863536e+06    9.165877e+09
6.887703e+06    9.281062e+09
6.911871e+06    9.396247e+09
6.936038e+06    9.511432e+09
6.960205e+06    9.626617e+09
6.984373e+06    9.741801e+09
7.008540e+06    9.856986e+09
7.032707e+06    9.972171e+09
7.056875e+06    1.008736e+10
7.081042e+06    1.020254e+10
7.105210e+06    1.031773e+10
7.129377e+06    1.043291e+10
7.153544e+06    1.054810e+10
7.177712e+06    1.066328e+10
7.201879e+06    1.077846e+10
7.226047e+06    1.089365e+10
7.250214e+06    1.100883e+10
7.274381e+06    1.113957e+10
7.298549e+06    1.129356e+10
7.322716e+06    1.144754e+10
7.346883e+06    1.160152e+10
7.371051e+06    1.175550e+10
7.395218e+06    1.190949e+10
7.419386e+06    1.206347e+10
7.443553e+06    1.221745e+10
7.467720e+06    1.237143e+10
7.491888e+06    1.252542e+10
7.516055e+06    1.267940e+10
7.540222e+06    1.283338e+10
7.564390e+06    1.298736e+10
7.588557e+06    1.314135e+10
7.612725e+06    1.329533e+10
7.636892e+06    1.344931e+10
7.661059e+06    1.360330e+10
7.685227e+06    1.375728e+10
7.709394e+06    1.391126e+10
7.733562e+06    1.406524e+10
7.757729e+06    1.421923e+10
7.781896e+06    1.437321e+10
7.806064e+06    1.452719e+10
7.830231e+06    1.468117e+10
7.854398e+06    1.483516e+10
7.878566e+06    1.498914e+10
7.902733e+06    1.514312e+10
7.926901e+06    1.529710e+10
7.951068e+06    1.545109e+10
7.975235e+06    1.560507e+10
7.999403e+06    1.575905e+10
8.023570e+06    1.591303e+10
8.047737e+06    1.606702e+10
8.071905e+06    1.622100e+10
8.096072e+06    1.637498e+10
8.120240e+06    1.652897e+10
8.144407e+06    1.668295e+10
8.168574e+06    1.683693e+10
8.192742e+06    1.699091e+10
8.216909e+06    1.714490e+10
8.241076e+06    1.729888e+10
8.265244e+06    1.745286e+10
8.289411e+06    1.760684e+10
8.313579e+06    1.776083e+10
8.337746e+06    1.791481e+10
8.361913e+06    1.806879e+10
8.386081e+06    1.822277e+10
8.410248e+06    1.837889e+10
8.434416e+06    1.857697e+10
8.458583e+06    1.877506e+10
8.482750e+06    1.897314e+10
8.506918e+06    1.917123e+10
8.531085e+06    1.936931e+10
8.555252e+06    1.956739e+10
8.579420e+06    1.976548e+10
8.603587e+06    1.996356e+10
8.627755e+06    2.016165e+10
8.651922e+06    2.035973e+10
8.676089e+06    2.055782e+10
8.700257e+06    2.075590e+10
8.724424e+06    2.095399e+10
8.748591e+06    2.115207e+10
8.772759e+06    2.135016e+10
8.796926e+06    2.154824e+10
8.821094e+06    2.174633e+10
8.845261e+06    2.194441e+10
8.869428e+06    2.214249e+10
8.893596e+06    2.234058e+10
8.917763e+06    2.253866e+10
8.941930e+06    2.273675e+10
8.966098e+06    2.293483e+10
8.990265e+06    2.313292e+10
9.014433e+06    2.333100e+10
9.038600e+06    2.352909e+10
9.062767e+06    2.372717e+10
9.086935e+06    2.392526e+10
9.111102e+06    2.412334e+10
9.135270e+06    2.432143e+10
9.159437e+06    2.451951e+10
9.183604e+06    2.471759e+10
9.207772e+06    2.491568e+10
9.231939e+06    2.511376e+10
9.256106e+06    2.531185e+10
9.280274e+06    2.550993e+10
9.304441e+06    2.570802e+10
9.328609e+06    2.590610e+10
9.352776e+06    2.610419e+10
9.376943e+06    2.630227e+10
9.401111e+06    2.650036e+10
9.425278e+06    2.669844e+10
9.449445e+06    2.689653e+10
9.473613e+06    2.709461e+10
9.497780e+06    2.729269e+10
9.521948e+06    2.749078e+10
9.546115e+06    2.768886e+10
9.570282e+06    2.788695e+10
9.594450e+06    2.808503e+10
9.618617e+06    2.828312e+10
9.642785e+06    2.848120e+10
9.666952e+06    2.867929e+10
9.691119e+06    2.887737e+10
9.715287e+06    2.907546e+10
9.739454e+06    2.928331e+10
9.763621e+06    2.952944e+10
9.787789e+06    2.977558e+10
9.811956e+06    3.002172e+10
9.836124e+06    3.026785e+10
9.860291e+06    3.051399e+10
9.884458e+06    3.076013e+10
9.908626e+06    3.100626e+10
9.932793e+06    3.125240e+10
9.956960e+06    3.149854e+10
9.981128e+06    3.174467e+10
1.000530e+07    3.199081e+10
